$ 0 0.000049999999999999996 1.2182493960703473 9 5 50 0.01
. MUX8_UAL 0 7 17 25 ADD0 21 16 2 ADD1 24 15 2 ADD2 18 14 2 ADD3 15 13 2 ADD4 12 12 2 ADD5 9 11 2 ADD6 6 10 2 ADD7 2 9 2 D0 22 11 3 D1 25 10 3 D2 19 9 3 D3 16 8 3 D4 13 7 3 D5 10 6 3 D6 7 5 3 D7 4 4 3 ET0 20 7 2 ET1 23 6 2 ET2 17 5 2 ET3 14 4 2 ET4 11 3 2 ET5 8 2 2 ET6 5 1 2 ET7 1 0 2 SEL 3 16 3 MultiplexerElm\s1\s2\s3\s4\rMultiplexerElm\s5\s6\s3\s7\rMultiplexerElm\s8\s9\s3\s10\rMultiplexerElm\s11\s12\s3\s13\rMultiplexerElm\s14\s15\s3\s16\rMultiplexerElm\s17\s18\s3\s19\rMultiplexerElm\s20\s21\s3\s22\rMultiplexerElm\s23\s24\s3\s25 0\\s1\s0\\s1\s0\\s1\s0\\s1\s0\\s1\s0\\s1\s0\\s1\s0\\s1
. AND8 0 3 17 24 A0 24 7 2 A1 20 6 2 A2 18 5 2 A3 14 4 2 A4 12 3 2 A5 8 2 2 A6 6 1 2 A7 2 0 2 B0 23 16 2 B1 19 15 2 B2 17 14 2 B3 13 13 2 B4 11 12 2 B5 7 11 2 B6 5 10 2 B7 1 9 2 ET0 22 11 3 ET1 21 10 3 ET2 16 9 3 ET3 15 8 3 ET4 10 7 3 ET5 9 6 3 ET6 4 5 3 ET7 3 4 3 AndGateElm\s1\s2\s3\rAndGateElm\s5\s6\s4\rAndGateElm\s7\s8\s9\rAndGateElm\s11\s12\s10\rAndGateElm\s13\s14\s15\rAndGateElm\s17\s18\s16\rAndGateElm\s19\s20\s21\rAndGateElm\s23\s24\s22 0\\s2\\s0\\s5\s0\\s2\\s0\\s5\s0\\s2\\s0\\s5\s0\\s2\\s0\\s5\s0\\s2\\s0\\s5\s0\\s2\\s0\\s5\s0\\s2\\s0\\s5\s0\\s2\\s0\\s5
. UAL 0 18 4 26 A0 1 7 0 A1 2 6 0 A2 3 5 0 A3 4 4 0 A4 5 3 0 A5 6 2 0 A6 7 1 0 A7 8 0 0 B0 9 17 0 B1 10 16 0 B2 11 15 0 B3 12 14 0 B4 13 13 0 B5 14 12 0 B6 15 11 0 B7 16 10 0 Carry 26 2 3 SEL_UAL 43 2 2 UAL0 27 12 1 UAL1 28 11 1 UAL2 29 10 1 UAL3 30 9 1 UAL4 31 8 1 UAL5 32 7 1 UAL6 33 6 1 UAL7 34 5 1 FullAdderElm\s1\s2\s3\s4\s5\s6\s7\s8\s9\s10\s11\s12\s13\s14\s15\s16\s17\s18\s19\s20\s21\s22\s23\s24\s25\s26\rCustomCompositeElm\s17\s18\s19\s20\s21\s22\s23\s24\s27\s28\s29\s30\s31\s32\s33\s34\s35\s36\s37\s38\s39\s40\s41\s42\s43\rCustomCompositeElm\s1\s2\s3\s4\s5\s6\s7\s8\s9\s10\s11\s12\s13\s14\s15\s16\s35\s36\s37\s38\s39\s40\s41\s42\rLogicInputElm\s25 2\\s8\s1\\sMUX8_UAL\\s0\\\\s1\\s0\\\\s1\\s0\\\\s1\\s0\\\\s1\\s0\\\\s1\\s0\\\\s1\\s0\\\\s1\\s0\\\\s1\s1\\sAND8\\s0\\\\s2\\\\s0\\\\s5\\s0\\\\s2\\\\s0\\\\s5\\s0\\\\s2\\\\s0\\\\s5\\s0\\\\s2\\\\s0\\\\s5\\s0\\\\s2\\\\s0\\\\s5\\s0\\\\s2\\\\s0\\\\s5\\s0\\\\s2\\\\s0\\\\s5\\s0\\\\s2\\\\s0\\\\s5\s0\\s0\\sfalse\\s5\\s0
410 448 736 656 800 1 UAL 2\s8 1\sMUX8_UAL\s0\\s1\s0\\s1\s0\\s1\s0\\s1\s0\\s1\s0\\s1\s0\\s1\s0\\s1 1\sAND8\s0\\s2\\s0\\s5\s0\\s2\\s0\\s5\s0\\s2\\s0\\s5\s0\\s2\\s0\\s5\s0\\s2\\s0\\s5\s0\\s2\\s0\\s5\s0\\s2\\s0\\s5\s0\\s2\\s0\\s5 0\s0\sfalse\s5\s0
M 1056 800 1104 800 2 2.5
168 448 384 496 384 4098 8 0 0 0 0 0 0 0 0
168 -272 384 -224 384 4098 8 0 0 0 0 0 0 0 0
168 -832 384 -784 384 4098 8 0 0 0 0 0 0 0 0
. MUX8_UT 0 5 35 42 D0 8 19 3 D1 9 18 3 D2 10 17 3 D3 11 16 3 D4 12 15 3 D5 13 14 3 D6 14 13 3 D7 7 12 3 DI0 39 7 2 DI1 35 6 2 DI2 31 5 2 DI3 27 4 2 DI4 23 3 2 DI5 19 2 2 DI6 18 1 2 DI7 1 0 2 R0-0 42 34 2 R0-1 38 33 2 R0-2 34 32 2 R0-3 30 31 2 R0-4 26 30 2 R0-5 22 29 2 R0-6 16 28 2 R0-7 4 27 2 R1-0 41 25 2 R1-1 37 24 2 R1-2 33 23 2 R1-3 29 22 2 R1-4 25 21 2 R1-5 21 20 2 R1-6 15 19 2 R1-7 3 18 2 SEL0 5 33 3 SEL1 6 32 3 UAL0 40 16 2 UAL1 36 15 2 UAL2 32 14 2 UAL3 28 13 2 UAL4 24 12 2 UAL5 20 11 2 UAL6 17 10 2 UAL7 2 9 2 MultiplexerElm\s1\s2\s3\s4\s5\s6\s7\rMultiplexerElm\s18\s17\s15\s16\s5\s6\s14\rMultiplexerElm\s19\s20\s21\s22\s5\s6\s13\rMultiplexerElm\s23\s24\s25\s26\s5\s6\s12\rMultiplexerElm\s27\s28\s29\s30\s5\s6\s11\rMultiplexerElm\s31\s32\s33\s34\s5\s6\s10\rMultiplexerElm\s35\s36\s37\s38\s5\s6\s9\rMultiplexerElm\s39\s40\s41\s42\s5\s6\s8 0\\s2\s0\\s2\s0\\s2\s0\\s2\s0\\s2\s0\\s2\s0\\s2\s0\\s2
410 -1248 -336 -1200 -288 1 MUX8_UT 0\s2 0\s2 0\s2 0\s2 0\s2 0\s2 0\s2 0\s2
w -960 272 -576 272 0
w -800 48 -800 352 0
w -576 272 -16 272 0
w -240 48 -240 352 0
w 288 272 704 272 0
w 480 48 480 352 0
w 704 272 1024 272 0
w 800 704 800 48 0
w 480 464 480 448 0
w 512 448 512 496 0
w 544 528 544 448 0
w 576 560 576 448 0
w 608 592 608 448 0
w 640 448 640 624 0
w 672 448 672 656 0
w 704 688 704 448 0
w -960 240 -608 240 0
w -768 352 -768 80 0
w -736 352 -736 112 0
w -704 352 -704 144 0
w -672 352 -672 176 0
w -640 352 -640 208 0
w -608 352 -608 240 0
w -576 352 -576 272 0
w -16 352 -16 272 0
w -48 352 -48 240 0
w -80 352 -80 208 0
w -112 352 -112 176 0
w -144 352 -144 144 0
w -176 352 -176 112 0
w -208 352 -208 80 0
w 704 352 704 272 0
w 672 352 672 240 0
w 640 352 640 208 0
w 608 352 608 176 0
w 576 352 576 144 0
w 544 352 544 112 0
w 512 352 512 80 0
w 832 704 832 80 0
w 864 704 864 112 0
w 896 704 896 144 0
w 928 704 928 176 0
w 960 704 960 208 0
w 992 704 992 240 0
w 1024 704 1024 272 0
w 672 240 992 240 0
w 800 48 480 48 0
w 480 48 176 48 0
w -800 48 -240 48 0
w 512 80 832 80 0
w 864 112 544 112 0
w 896 144 576 144 0
w 928 176 608 176 0
w 960 208 640 208 0
w 272 240 672 240 0
w 256 208 640 208 0
w 240 176 608 176 0
w 224 144 576 144 0
w 208 112 544 112 0
w 192 80 512 80 0
w -960 208 -640 208 0
w -640 208 -80 208 0
w -112 176 -672 176 0
w -704 144 -144 144 0
w -176 112 -736 112 0
w -768 80 -208 80 0
w -608 240 -48 240 0
w -672 176 -960 176 0
w -960 144 -704 144 0
w -960 112 -736 112 0
w -960 80 -768 80 0
w -960 48 -800 48 0
419 -560 480 -464 480 0 8
419 0 480 96 480 0 8
419 288 -224 384 -224 0 8
419 320 464 416 464 1024 8
419 880 1008 976 1008 0 8
w 448 464 480 464 0
w 448 496 512 496 0
w 448 528 544 528 0
w 448 560 576 560 0
w 448 592 608 592 0
w 448 624 640 624 0
w 448 656 672 656 0
w 448 688 704 688 0
w 704 704 704 688 0
w 672 704 672 656 0
w 640 704 640 624 0
w 608 592 608 704 0
w 576 704 576 560 0
w 544 704 544 528 0
w 512 704 512 496 0
w 480 464 480 704 0
w 640 864 640 896 0
w 672 864 672 896 0
w 704 864 704 896 0
w 736 864 736 896 0
w 768 864 768 896 0
w 800 864 800 896 0
w 832 864 832 896 0
w 864 864 864 896 0
w 0 480 -240 480 0
w -240 448 -240 480 0
w 0 512 -208 512 0
w -208 448 -208 512 0
w 0 544 -176 544 0
w -176 448 -176 544 0
w -144 448 -144 576 0
w 0 576 -144 576 0
w -112 448 -112 608 0
w 0 608 -112 608 0
w -80 448 -80 640 0
w 0 640 -80 640 0
w -48 448 -48 672 0
w 0 672 -48 672 0
w -16 448 -16 704 0
w 0 704 -16 704 0
w -576 448 -576 704 0
w -576 704 -560 704 0
w -560 480 -800 480 0
w -800 448 -800 480 0
w -768 448 -768 512 0
w -768 512 -560 512 0
w -736 448 -736 544 0
w -736 544 -560 544 0
w -704 448 -704 576 0
w -704 576 -560 576 0
w -672 448 -672 608 0
w -672 608 -560 608 0
w -640 448 -640 640 0
w -640 640 -560 640 0
w -608 448 -608 672 0
w -608 672 -560 672 0
w -800 480 -800 800 0
w -800 800 -1248 800 0
w -1248 752 -1360 752 0
w -1264 816 -768 816 0
w -768 512 -768 816 0
w -1264 816 -1264 560 0
w -1344 720 -1248 720 0
w -736 544 -736 832 0
w -736 832 -1280 832 0
w -1280 832 -1280 592 0
w -1328 688 -1248 688 0
w -1248 656 -1312 656 0
w -1296 624 -1296 848 0
w -1296 848 -704 848 0
w -704 576 -704 848 0
w -672 608 -672 864 0
w -640 640 -640 880 0
w -608 672 -608 896 0
w -576 704 -576 912 0
w -672 864 -1312 864 0
w -640 880 -1328 880 0
w -608 896 -1344 896 0
w -576 912 -1360 912 0
w -1312 864 -1312 656 0
w -1296 624 -1248 624 0
w -1248 592 -1280 592 0
w -1328 688 -1328 880 0
w -1344 896 -1344 720 0
w -1264 560 -1248 560 0
w -1248 528 -1248 800 0
w -1360 752 -1360 912 0
w -240 480 -240 960 0
w -240 960 -1408 960 0
w -208 512 -208 976 0
w -1248 464 -1520 464 0
w -1408 240 -1408 960 0
w -176 544 -176 992 0
w -144 576 -144 1008 0
w -112 608 -112 1024 0
w -80 640 -80 1040 0
w -48 672 -48 1056 0
w -16 704 -16 1072 0
w 288 0 288 272 0
w 272 240 272 -32 0
w 288 -32 272 -32 0
w 288 -64 256 -64 0
w 256 -64 256 208 0
w 240 176 240 -96 0
w 240 -96 288 -96 0
w 288 -128 224 -128 0
w 224 -128 224 144 0
w 208 112 208 -160 0
w 208 -160 288 -160 0
w 192 80 192 -192 0
w 192 -192 288 -192 0
w 288 -224 176 -224 0
w 176 -224 176 48 0
w 176 48 -240 48 0
w 192 80 -208 80 0
w 208 112 -176 112 0
w 224 144 -144 144 0
w 240 176 -112 176 0
w 256 208 -80 208 0
w 272 240 -48 240 0
w 288 272 -16 272 0
w -208 976 -1424 976 0
w -176 992 -1440 992 0
w -144 1008 -1456 1008 0
w -112 1024 -1472 1024 0
w -80 1040 -1488 1040 0
w -48 1056 -1504 1056 0
w -16 1072 -1520 1072 0
w -1424 976 -1424 272 0
w -1248 432 -1504 432 0
w -1248 400 -1488 400 0
w -1440 304 -1440 992 0
w -1456 1008 -1456 336 0
w -1472 368 -1248 368 0
w -1472 1024 -1472 368 0
w -1456 336 -1248 336 0
w -1248 304 -1440 304 0
w -1488 400 -1488 1040 0
w -1504 1056 -1504 432 0
w -1424 272 -1248 272 0
w -1248 240 -1408 240 0
w -1520 464 -1520 1072 0
w -1248 176 -1680 176 0
w -1568 -48 -1568 1120 0
w -1248 144 -1664 144 0
w -1248 112 -1648 112 0
w -1248 80 -1632 80 0
w -1248 48 -1616 48 0
w -1248 16 -1600 16 0
w -1248 -16 -1584 -16 0
w -1248 -48 -1568 -48 0
w -1568 1120 640 1120 0
w -1584 -16 -1584 1136 0
w -1600 16 -1600 1152 0
w -1616 48 -1616 1168 0
w -1632 80 -1632 1184 0
w -1648 112 -1648 1200 0
w -1664 144 -1664 1216 0
w -1680 176 -1680 1232 0
w 640 1008 640 1120 0
w 672 1040 672 1136 0
w 704 1072 704 1152 0
w 736 1104 736 1168 0
w 768 1136 768 1184 0
w 800 1168 800 1200 0
w 832 1200 832 1216 0
w 864 992 864 1232 0
w -1584 1136 672 1136 0
w -1600 1152 704 1152 0
w -1616 1168 736 1168 0
w -1632 1184 768 1184 0
w -1648 1200 800 1200 0
w -1664 1216 832 1216 0
w -1680 1232 864 1232 0
168 608 928 656 928 4098 8 0 0 0 0 0 0 0 0
w 880 1232 864 1232 0
w 880 1200 832 1200 0
w 640 1008 880 1008 0
w 672 1040 880 1040 0
w 704 1072 880 1072 0
w 736 1104 880 1104 0
w 768 1136 880 1136 0
w 800 1168 880 1168 0
w 832 1200 832 992 0
w 800 1168 800 992 0
w 768 1136 768 992 0
w 736 1104 736 992 0
w 704 1072 704 992 0
w 672 1040 672 992 0
w 640 1008 640 992 0
x -511 416 -448 419 4 50 R0
x 54 414 117 417 4 50 R1
x 367 416 436 419 4 50 RA
x 531 964 606 967 4 50 RG
w -1056 688 -1024 688 0
w -1056 720 -992 720 0
x -1029 522 -896 525 4 20 0\s\s\s\s0\s\s\s\sPour\sDi
x -1029 544 -876 547 4 20 0\s\s\s\s1\s\s\s\sPour\sUAL
x -1030 568 -890 571 4 20 1\s\s\s\s0\s\s\s\sPour\sR1
x -1030 594 -890 597 4 20 1\s\s\s\s1\s\s\s\sPour\sR0
b -1039 499 -870 605 0
x 711 804 808 807 4 50 UAL
b 319 825 456 883 0
x 330 873 442 876 4 20 1\s\sPour\sADD
x 331 849 426 852 4 20 0\s\sPour\sET
x -1259 -362 -1017 -359 4 40 MUX\s4\svers\s1
x 656 15 1150 18 4 50 Bus\sde\sdonnées\s8\sbits
x -749 -426 -137 -423 4 70 Unité\sde\sTraitement
x -2722 -995 -2326 -992 4 70 Périphérique
x -2646 -923 -2440 -920 4 70 Entrée
413 1456 -880 1664 -880 0 8 8 -2
x 1352 -1082 1585 -1079 4 60 Mémoire
x 1351 -1016 1591 -1013 4 60 Données
I 1328 -880 1376 -880 0 0.5 5
I 1376 -960 1440 -960 0 0.5 5
w 1440 -960 1552 -960 0
w 1552 -960 1552 -880 0
413 1408 -1776 1616 -1776 0 5 16 0 16384 17409 8448 13313 30720 49154 -1 -2
x 1326 -1878 1632 -1875 4 60 Instructions
x 1354 -1938 1587 -1935 4 60 Mémoire
I 1424 -1824 1472 -1824 0 0.5 5
L 1408 -1776 1376 -1776 2 1 false 5 0
L 1424 -1824 1200 -1824 2 1 false 5 0
w 1472 -1824 1504 -1824 0
w 1504 -1824 1504 -1776 0
x 625 -1213 1252 -1210 4 40 Bus\sd'adresses\s5\sbits\s[Instructions\s]
x 790 -2361 1306 -2358 4 50 Bus\sInstructions\s16\sbits
w 1552 -848 1824 -848 0
w 1712 -624 1712 272 0
w 1024 272 1712 272 0
w 1408 -1264 912 -1264 0
w 896 -1456 896 -1296 0
419 704 -1552 800 -1552 1024 5
w 832 -1424 912 -1424 0
w 832 -1456 896 -1456 0
w 832 -1488 880 -1488 0
w 864 -1360 864 -1520 0
w 880 -1328 880 -1488 0
w 832 -1520 864 -1520 0
w 848 -1392 848 -1552 0
w 864 -1360 1408 -1360 0
w 1408 -1328 880 -1328 0
w 1408 -1296 896 -1296 0
w 832 -1552 848 -1552 0
w 848 -1392 1408 -1392 0
x 1104 -1834 1184 -1831 4 24 Lecture
168 -624 -2000 -576 -2000 4098 16 0 0 0 0 0 0 0 0 0 0 0 0 0 0 0 0
w 1504 -1744 1712 -1744 0
w 1712 -1744 1712 -2080 0
w 1504 -1264 1952 -1264 0
w 1952 -1264 1952 -2320 0
w -592 -2096 1712 -2080 0
w -592 -2032 -592 -2096 0
w -560 -2032 -560 -2112 0
w -560 -2112 1728 -2096 0
w -528 -2032 -528 -2128 0
w 1728 -2096 1728 -1712 0
w 1504 -1712 1728 -1712 0
w 1504 -1680 1744 -1680 0
w 1744 -1680 1744 -2112 0
w 1504 -1648 1760 -1648 0
w 1504 -1616 1776 -1616 0
w 1504 -1584 1792 -1584 0
w 1504 -1552 1808 -1552 0
w 1504 -1520 1824 -1520 0
w 1504 -1488 1840 -1488 0
w 1504 -1456 1856 -1456 0
w 1504 -1424 1872 -1424 0
w 1504 -1392 1888 -1392 0
w 1504 -1360 1904 -1360 0
w 1504 -1328 1920 -1328 0
w 1504 -1296 1936 -1296 0
w 1760 -1648 1760 -2128 0
w 1776 -1616 1776 -2144 0
w 1792 -1584 1792 -2160 0
w 1808 -1552 1808 -2176 0
w 1824 -1520 1824 -2192 0
w 1840 -1488 1840 -2208 0
w 1856 -1456 1856 -2224 0
w 1872 -1424 1872 -2240 0
w 1888 -1392 1888 -2256 0
w 1904 -1360 1904 -2272 0
w 1920 -1328 1920 -2288 0
w 1936 -1296 1936 -2304 0
w -496 -2032 -496 -2144 0
w -464 -2032 -464 -2160 0
w -432 -2032 -432 -2176 0
w -400 -2032 -400 -2192 0
w -368 -2032 -368 -2208 0
w -336 -2032 -336 -2224 0
w -304 -2032 -304 -2240 0
w -272 -2032 -272 -2256 0
w -240 -2032 -240 -2272 0
w -208 -2032 -208 -2288 0
w -176 -2032 -176 -2304 0
w -144 -2032 -144 -2320 0
w -112 -2032 -112 -2336 0
w -528 -2128 1744 -2112 0
w 1760 -2128 -496 -2144 0
w -464 -2160 1776 -2144 0
w -432 -2176 1792 -2160 0
w 1808 -2176 -400 -2192 0
w -368 -2208 1824 -2192 0
w -336 -2224 1840 -2208 0
w -304 -2240 1856 -2224 0
w -240 -2272 1888 -2256 0
w -208 -2288 1904 -2272 0
w 1920 -2288 -176 -2304 0
w -144 -2320 1936 -2304 0
w 1952 -2320 -112 -2336 0
421 336 -1424 416 -1424 0 5 0 0 0 0 0 0
L 336 -1200 320 -1200 2 1 false 5 0
L 432 -1200 448 -1200 2 1 false 5 0
w -1776 -336 -1248 -336 0
w -1328 -384 -1328 -112 0
w -1248 -304 -1712 -304 0
w -1392 -384 -1392 -144 0
w -1456 -384 -1456 -176 0
w -1248 -272 -1648 -272 0
w -1520 -384 -1520 -208 0
w -1584 -240 -1248 -240 0
w -1248 -208 -1520 -208 0
w -1584 -384 -1584 -240 0
w -1648 -384 -1648 -272 0
w -1456 -176 -1248 -176 0
w -1248 -144 -1392 -144 0
w -1712 -384 -1712 -304 0
w -1776 -384 -1776 -336 0
w -1328 -112 -1248 -112 0
x -2076 -458 -1876 -455 4 30 Choix\sdonnées
x -2084 -422 -1863 -419 4 30 Externe\s/\sInterne
w -1344 -448 -1344 -624 0
207 -112 -1936 -112 -1888 4 OP0
207 -144 -1936 -144 -1888 4 OP1
207 -176 -1936 -176 -1888 4 OP2
207 -208 -1936 -208 -1888 4 OP3
207 -240 -1936 -240 -1888 4 OP4
207 -272 -1936 -272 -1888 4 OP5
207 -304 -1936 -304 -1888 4 OP6
207 -336 -1936 -336 -1888 4 OP7
w -496 -1936 -496 -1856 0
w -528 -1936 -528 -1856 0
w -560 -1936 -560 -1856 0
w -592 -1936 -592 -1856 0
x 306 -1545 462 -1542 4 30 Programme
x 313 -1511 444 -1508 4 30 Compteur
x 335 -1473 426 -1470 4 30 [\s\sPC\s\s]
x -743 -1956 -663 -1953 4 30 [\s\sRI\s\s]
x -782 -1986 -629 -1983 4 30 Instructions
x -757 -2017 -646 -2014 4 30 Registre
x -785 -1792 -632 -1789 4 30 Instructions
x -775 -1821 -645 -1818 4 30 Décodeur
419 704 -1104 800 -1104 1024 8
w -1408 -448 -1408 -656 0
w -1472 -448 -1472 -688 0
w -1536 -448 -1536 -720 0
w -1664 -448 -1664 -784 0
w -1728 -448 -1728 -816 0
w -1600 -448 -1600 -752 0
w -1792 -448 -1792 -848 0
x 195 -564 910 -561 4 50 Bus\sd'adresses\s8\sbits\s[Données]
207 96 -1264 96 -1520 4 OP0
207 -80 -2032 -16 -2032 4 CLK_RI
! Decode_I 0 IS3,\sIS2,\sIS1,\sIS0 MVI,\sMOV,\sLDR,\sSTR,\sAND,\sADD,\sADDI,\sB Decode_I 0000\q00000000\n0001\q00001000\n0010\q00000100\n0011\q00000010\n0100\q10000000\n0101\q01000000\n0110\q00100000\n0111\q00010000\n1000\q00000000\n1001\q00000000\n1010\q00000000\n1011\q00000000\n1100\q00000001\n1101\q00000000\n1110\q00000000\n1111\q00000000\n
208 -624 -1824 -608 -1824 4096 Decode_I 0 0 0 0 0 0 0 0
. SEQ_10 0 3 12 14 CLK_Etape 182 5 2 Etape_1 192 2 3 Etape_10 183 11 3 Etape_2 191 3 3 Etape_3 190 4 3 Etape_4 189 5 3 Etape_5 188 6 3 Etape_6 187 7 3 Etape_7 186 8 3 Etape_8 185 9 3 Etape_9 184 10 3 Fetch 180 0 3 Inc_PC 208 1 3 RAZ_Etape 181 11 2 DFlipFlopElm\s185\s184\s193\s182\s194\rDFlipFlopElm\s184\s183\s195\s182\s194\rInverterElm\s182\s196\rDFlipFlopElm\s197\s192\s198\s182\s194\rDFlipFlopElm\s192\s191\s199\s182\s194\rDFlipFlopElm\s191\s190\s200\s182\s194\rDFlipFlopElm\s190\s189\s201\s182\s194\rDFlipFlopElm\s189\s188\s202\s182\s194\rLogicInputElm\s197\rDFlipFlopElm\s186\s185\s203\s182\s194\rDFlipFlopElm\s187\s186\s204\s182\s194\rDFlipFlopElm\s188\s187\s205\s182\s194\rAndGateElm\s192\s196\s206\rAndGateElm\s199\s206\s180\rAndGateElm\s200\s207\s208\rAndGateElm\s191\s196\s207\rOrGateElm\s183\s181\s194 2\\s0\s2\\s0\s0\\s0.5\\s5\s2\\s5\s2\\s0\s2\\s0\s2\\s0\s2\\s0\s2\\s1\\sfalse\\s5\\s0\s2\\s0\s2\\s0\s2\\s0\s0\\s2\\s0\\s5\s0\\s2\\s0\\s5\s0\\s2\\s0\\s5\s0\\s2\\s0\\s5\s0\\s2\\s0\\s5
410 -864 -1712 -784 -1680 1 SEQ_10 2\s0 2\s0 0\s0.5\s5 2\s0 2\s0 2\s0 2\s0 2\s0 2\s1\sfalse\s5\s0 2\s0 2\s0 2\s0 0\s2\s0\s5 0\s2\s0\s5 0\s2\s0\s5 0\s2\s0\s5 0\s2\s0\s5
207 -736 -1712 -688 -1712 4 CLK_RI
207 -736 -1680 -688 -1680 4 Inc_PC
207 336 -1424 240 -1424 4 Inc_PC
152 -944 -1360 -896 -1360 0 2 0 5
w -896 -1360 -864 -1360 0
x -1245 -1400 -1145 -1397 4 30 RESET
207 -464 -1392 -464 -1360 4 CLK_R0
207 -544 352 -544 320 4 CLK_R0
207 16 352 16 320 4 CLK_R1
207 736 352 736 320 4 CLK_RA
207 896 896 896 864 4 CLK_RG
207 -992 720 -992 640 4 SEL0
207 -1024 688 -1024 640 4 SEL1
207 -496 -1392 -496 -1344 4 SEL0
207 -528 -1392 -528 -1360 4 SEL1
207 -432 -1392 -432 -1344 4 CLK_R1
207 -336 -1392 -336 -1360 4 SEL_UAL
207 448 800 368 800 4 SEL_UAL
207 -368 -1392 -368 -1344 4 CLK_RG
207 -400 -1392 -400 -1360 4 CLK_RA
w -944 -1344 -960 -1344 0
L -1280 -1568 -1280 -1600 2 0 false 5 0
S -1152 -1552 -1232 -1552 0 1 false 0 2
x -1222 -1592 -1162 -1589 4 24 Manu
x -1218 -1500 -1169 -1497 4 24 Auto
x -1321 -1646 -1100 -1643 4 30 HORLOGE\sCPU
207 -240 -1424 -192 -1424 4 RAZ_SEQ
207 -944 -1376 -992 -1376 4 RAZ_SEQ
I 496 -1168 496 -1200 0 0.5 5
w 432 -1232 496 -1232 0
w 496 -1200 496 -1232 0
w 496 -1168 496 -1152 0
207 496 -1152 240 -1152 4 Load_PC
207 304 -1232 240 -1232 4 Reset_PC
I 304 -1232 336 -1232 0 0.5 5
207 -992 -1344 -992 -1312 4 Reset_PC
w -992 -1344 -960 -1344 0
w 432 -1392 848 -1392 0
w 864 -1360 432 -1360 0
w 432 -1328 880 -1328 0
w 432 -1296 896 -1296 0
w 432 -1264 912 -1264 0
180 -1056 48 -960 48 0 0.1 10000000000 100000000 5
180 -1056 80 -960 80 0 0.1 10000000000 100000000 5
w -976 16 -976 64 0
180 -1056 112 -960 112 0 0.1 10000000000 100000000 5
180 -1056 144 -960 144 0 0.1 10000000000 100000000 5
180 -1056 176 -960 176 0 0.1 10000000000 100000000 5
180 -1056 208 -960 208 0 0.1 10000000000 100000000 5
180 -1056 240 -960 240 0 0.1 10000000000 100000000 5
180 -1056 272 -960 272 0 0.1 10000000000 100000000 5
w -1008 96 -976 96 0
w -1008 128 -976 128 0
w -1008 160 -976 160 0
w -1008 64 -976 64 0
w -1008 192 -976 192 0
w -1008 224 -976 224 0
w -1008 256 -976 256 0
w -1008 288 -976 288 0
w -976 96 -976 64 0
w -976 128 -976 96 0
w -976 160 -976 128 0
w -976 192 -976 160 0
w -976 224 -976 192 0
w -976 256 -976 224 0
w -976 288 -976 256 0
207 -976 -16 -976 -64 4 Lecture_RAM
I -976 -16 -976 16 0 0.5 5
207 1376 -960 1200 -960 4 Lecture
x -1044 329 -953 332 4 24 Tri-State
x 1114 -1810 1175 -1807 4 24 Seule
w -272 -2256 1872 -2240 0
207 1376 -912 1200 -912 4 Ecriture
w -1152 -1552 -864 -1552 0
x -1230 -1376 -1162 -1373 4 20 Externe
w -1056 -1088 -736 -1088 0
w 592 -1088 592 -2400 0
w -768 -448 -1840 -448 0
w -112 -448 1184 -448 0
w 1184 -448 1184 1296 0
w 1184 1296 -1840 1296 0
w -1840 1296 -1840 -448 0
w 1344 -1072 1264 -1072 0
w 1264 -1072 1264 -544 0
w 1264 -544 1680 -544 0
w 1680 -544 1680 -1072 0
w 1600 -1072 1680 -1072 0
w 1344 -1952 1264 -1952 0
w 1264 -1952 1264 -1216 0
w 1264 -1216 1680 -1216 0
w 1680 -1216 1680 -1952 0
w 1680 -1952 1600 -1952 0
w 912 -1424 912 -1264 0
w -2656 -944 -2800 -944 0
w -2800 -944 -2800 -512 0
w -2800 -512 -2288 -512 0
w -2288 -944 -2432 -944 0
w -1312 -448 -1312 -624 0
w -1376 -448 -1376 -656 0
w -1440 -448 -1440 -688 0
w -1504 -448 -1504 -720 0
w -1568 -448 -1568 -752 0
w -1632 -448 -1632 -784 0
w -1696 -448 -1696 -816 0
w -1760 -448 -1760 -848 0
w 832 -1104 848 -1104 0
w 848 -1104 848 -848 0
w 832 -1072 864 -1072 0
w 864 -1072 864 -816 0
w 832 -1040 880 -1040 0
w 880 -1040 880 -784 0
w 832 -1008 896 -1008 0
w 896 -1008 896 -752 0
w 832 -976 912 -976 0
w 912 -976 912 -720 0
w 832 -944 928 -944 0
w 928 -944 928 -688 0
w 832 -912 944 -912 0
w 944 -912 944 -656 0
w 832 -880 960 -880 0
w 960 -880 960 -624 0
207 80 -1296 80 -1536 4 OP1
207 48 -1360 48 -1536 4 OP3
207 64 -1328 64 -1520 4 OP2
207 0 -816 0 -1520 4 OP6
207 -16 -848 -16 -1536 4 OP7
207 16 -784 16 -1536 4 OP5
207 32 -1392 32 -1520 4 OP4
w 336 -1264 96 -1264 0
w 336 -1296 80 -1296 0
w 336 -1328 64 -1328 0
w 336 -1360 48 -1360 0
w 336 -1392 32 -1392 0
w 96 -1264 96 -624 0
w 80 -1296 80 -656 0
w 64 -1328 64 -688 0
w 48 -1360 48 -720 0
w 32 -1392 32 -752 0
w -16 -848 848 -848 0
w 0 -816 864 -816 0
w 16 -784 880 -784 0
w 32 -752 896 -752 0
w 48 -720 912 -720 0
w 64 -688 928 -688 0
w 80 -656 944 -656 0
w 96 -624 960 -624 0
w 1728 -656 1728 240 0
w 992 240 1728 240 0
w 960 208 1744 208 0
w 1744 208 1744 -688 0
w 1760 -720 1760 176 0
w 1760 176 928 176 0
w 896 144 1776 144 0
w 1776 144 1776 -752 0
w 1792 -784 1792 112 0
w 1792 112 864 112 0
w 832 80 1808 80 0
w 1808 80 1808 -816 0
w 1824 -848 1824 48 0
w 800 48 1824 48 0
w -1760 -848 -16 -848 0
w 0 -816 -1696 -816 0
w -1632 -784 16 -784 0
w -1568 -752 32 -752 0
w 48 -720 -1504 -720 0
w -1440 -688 64 -688 0
w 80 -656 -1376 -656 0
w -1312 -624 96 -624 0
. AND4 0 2 4 5 E1 215 0 2 E2 214 1 2 E3 218 2 2 E4 217 3 2 S 220 1 3 AndGateElm\s214\s215\s216\rAndGateElm\s217\s218\s219\rAndGateElm\s219\s216\s220 0\\s2\\s0\\s5\s0\\s2\\s0\\s5\s0\\s2\\s0\\s5
. SEQ_MVI 0 4 5 9 CLK_R0_MVI 208 2 3 CLK_R1_MVI 209 3 3 Dest_MVI 347 1 2 Etape_3 185 3 2 Etape_4 186 4 2 MVI_Enable 173 0 2 RAZ_SEQ_MVI 210 4 3 SEL0_MVI 211 0 3 SEL1_MVI 212 1 3 AndGateElm\s173\s186\s210\rInverterElm\s186\s342\rInverterElm\s186\s343\rLogicInputElm\s211\rLogicInputElm\s212\rCustomCompositeElm\s185\s343\s344\s173\s208\rInverterElm\s347\s344\rCustomCompositeElm\s185\s342\s347\s173\s209 0\\s2\\s0\\s5\s0\\s0.5\\s5\s0\\s0.5\\s5\s2\\s0\\strue\\s5\\s0\s2\\s0\\strue\\s5\\s0\s1\\sAND4\\s0\\\\s2\\\\s0\\\\s5\\s0\\\\s2\\\\s0\\\\s5\\s0\\\\s2\\\\s0\\\\s5\s0\\s0.5\\s5\s1\\sAND4\\s0\\\\s2\\\\s0\\\\s5\\s0\\\\s2\\\\s0\\\\s5\\s0\\\\s2\\\\s0\\\\s5
. SEQ_ADD 0 4 9 17 ADD_Enable 176 0 2 CLK_R0_ADD 221 3 3 CLK_R1_ADD 222 4 3 CLK_RA_ADD 44 5 3 CLK_RG_ADD 81 6 3 Dest_ADD 266 1 2 Etape_2 182 2 2 Etape_3 183 3 2 Etape_4 184 4 2 Etape_5 185 5 2 Etape_6 186 6 2 Etape_7 187 7 2 Etape_8 188 8 2 RAZ_SEQ_ADD 225 8 3 SEL0_ADD 223 1 3 SEL1_ADD 224 2 3 SEL_UAL_ADD 18 0 3 AndGateElm\s176\s247\s224\rAndGateElm\s176\s248\s223\rInverterElm\s176\s249\rInverterElm\s249\s18\rAndGateElm\s176\s188\s225\rInverterElm\s188\s250\rLogicInputElm\s251\rLogicInputElm\s252\rInverterElm\s188\s253\rInverterElm\s186\s254\rInverterElm\s184\s255\rCustomCompositeElm\s185\s254\s251\s176\s81\rCustomCompositeElm\s183\s255\s252\s176\s44\rOrGateElm\s186\s260\s248\rAndGateElm\s261\s182\s260\rInverterElm\s184\s261\rInverterElm\s186\s262\rAndGateElm\s262\s182\s247\rCustomCompositeElm\s187\s253\s263\s176\s221\rInverterElm\s266\s263\rCustomCompositeElm\s187\s250\s266\s176\s222 0\\s2\\s0\\s5\s0\\s2\\s0\\s5\s0\\s0.5\\s5\s0\\s0.5\\s5\s0\\s2\\s0\\s5\s0\\s0.5\\s5\s2\\s1\\sfalse\\s5\\s0\s2\\s1\\sfalse\\s5\\s0\s0\\s0.5\\s5\s0\\s0.5\\s5\s0\\s0.5\\s5\s1\\sAND4\\s0\\\\s2\\\\s0\\\\s5\\s0\\\\s2\\\\s0\\\\s5\\s0\\\\s2\\\\s0\\\\s5\s1\\sAND4\\s0\\\\s2\\\\s0\\\\s5\\s0\\\\s2\\\\s0\\\\s5\\s0\\\\s2\\\\s0\\\\s5\s0\\s2\\s0\\s5\s0\\s2\\s0\\s5\s0\\s0.5\\s5\s0\\s0.5\\s5\s0\\s2\\s0\\s5\s1\\sAND4\\s0\\\\s2\\\\s0\\\\s5\\s0\\\\s2\\\\s0\\\\s5\\s0\\\\s2\\\\s0\\\\s5\s0\\s0.5\\s5\s1\\sAND4\\s0\\\\s2\\\\s0\\\\s5\\s0\\\\s2\\\\s0\\\\s5\\s0\\\\s2\\\\s0\\\\s5
. SEQ_ADDI 0 4 8 16 ADDI_Enable 250 0 2 CLK_R0_ADDI 273 3 3 CLK_R1_ADDI 274 4 3 CLK_RA_ADDI 268 5 3 CLK_RG_ADDI 265 6 3 Dest_ADDI 254 1 2 Etape_3 183 2 2 Etape_4 184 3 2 Etape_5 185 4 2 Etape_6 186 5 2 Etape_7 187 6 2 Etape_8 188 7 2 RAZ_SEQ_ADDI 258 7 3 SEL0_ADDI 253 1 3 SEL1_ADDI 251 2 3 SEL_UAL_ADDI 256 0 3 AndGateElm\s250\s249\s251\rAndGateElm\s250\s252\s253\rInverterElm\s254\s255\rInverterElm\s250\s257\rInverterElm\s257\s256\rAndGateElm\s250\s188\s258\rInverterElm\s188\s259\rLogicInputElm\s260\rLogicInputElm\s261\rInverterElm\s188\s262\rInverterElm\s186\s263\rInverterElm\s184\s264\rCustomCompositeElm\s185\s263\s260\s250\s265\rCustomCompositeElm\s183\s264\s261\s250\s268\rOrGateElm\s186\s271\s252\rAndGateElm\s255\s184\s271\rInverterElm\s186\s272\rAndGateElm\s272\s184\s249\rCustomCompositeElm\s187\s262\s275\s250\s273\rInverterElm\s254\s275\rCustomCompositeElm\s187\s259\s254\s250\s274 0\\s2\\s0\\s5\s0\\s2\\s0\\s5\s0\\s0.5\\s5\s0\\s0.5\\s5\s0\\s0.5\\s5\s0\\s2\\s0\\s5\s0\\s0.5\\s5\s2\\s1\\sfalse\\s5\\s0\s2\\s1\\sfalse\\s5\\s0\s0\\s0.5\\s5\s0\\s0.5\\s5\s0\\s0.5\\s5\s1\\sAND4\\s0\\\\s2\\\\s0\\\\s5\\s0\\\\s2\\\\s0\\\\s5\\s0\\\\s2\\\\s0\\\\s5\s1\\sAND4\\s0\\\\s2\\\\s0\\\\s5\\s0\\\\s2\\\\s0\\\\s5\\s0\\\\s2\\\\s0\\\\s5\s0\\s2\\s0\\s5\s0\\s2\\s0\\s5\s0\\s0.5\\s5\s0\\s2\\s0\\s5\s1\\sAND4\\s0\\\\s2\\\\s0\\\\s5\\s0\\\\s2\\\\s0\\\\s5\\s0\\\\s2\\\\s0\\\\s5\s0\\s0.5\\s5\s1\\sAND4\\s0\\\\s2\\\\s0\\\\s5\\s0\\\\s2\\\\s0\\\\s5\\s0\\\\s2\\\\s0\\\\s5
. SEQ_B 0 4 3 5 B_Enable 296 0 2 Etape_2 182 1 2 Etape_3 183 2 2 Load_PC 298 0 3 RAZ_SEQ_B 297 2 3 AndGateElm\s299\s182\s300\rAndGateElm\s296\s183\s297\rInverterElm\s183\s299\rAndGateElm\s296\s300\s298 0\\s2\\s0\\s5\s0\\s2\\s0\\s5\s0\\s0.5\\s5\s0\\s2\\s0\\s5
. SEQ_MOV 0 4 5 10 CLK_R0_MOV 312 2 3 CLK_R1_MOV 300 3 3 Dest_MOV 302 1 2 Etape_2 182 2 2 Etape_3 183 3 2 Etape_4 184 4 2 MOV_Enable 301 0 2 RAZ_SEQ_MOV 309 4 3 SEL0_MOV 306 0 3 SEL1_MOV 315 1 3 InverterElm\s184\s299\rCustomCompositeElm\s183\s299\s302\s301\s300\rCustomCompositeElm\s182\s305\s302\s301\s306\rInverterElm\s302\s310\rCustomCompositeElm\s183\s311\s310\s301\s312\rAndGateElm\s316\s182\s317\rInverterElm\s184\s316\rInverterElm\s184\s311\rAndGateElm\s301\s184\s309\rInverterElm\s184\s305\rAndGateElm\s301\s317\s315 0\\s0.5\\s5\s1\\sAND4\\s0\\\\s2\\\\s0\\\\s5\\s0\\\\s2\\\\s0\\\\s5\\s0\\\\s2\\\\s0\\\\s5\s1\\sAND4\\s0\\\\s2\\\\s0\\\\s5\\s0\\\\s2\\\\s0\\\\s5\\s0\\\\s2\\\\s0\\\\s5\s0\\s0.5\\s5\s1\\sAND4\\s0\\\\s2\\\\s0\\\\s5\\s0\\\\s2\\\\s0\\\\s5\\s0\\\\s2\\\\s0\\\\s5\s0\\s2\\s0\\s5\s0\\s0.5\\s5\s0\\s0.5\\s5\s0\\s2\\s0\\s5\s0\\s0.5\\s5\s0\\s2\\s0\\s5
. SEQ_LDR 0 4 4 8 CLK_R0_LDR 338 1 3 CLK_R1_LDR 333 2 3 Dest_LDR 332 1 2 Etape_3 186 2 2 Etape_4 187 3 2 LDR_Enable 329 0 2 Lecture_RAM_LDR 328 0 3 RAZ_SEQ_LDR 330 3 3 InverterElm\s327\s328\rCustomCompositeElm\s186\s331\s332\s329\s333\rInverterElm\s332\s336\rCustomCompositeElm\s186\s337\s336\s329\s338\rInverterElm\s329\s327\rInverterElm\s187\s337\rInverterElm\s187\s331\rAndGateElm\s329\s187\s330 0\\s0.5\\s5\s1\\sAND4\\s0\\\\s2\\\\s0\\\\s5\\s0\\\\s2\\\\s0\\\\s5\\s0\\\\s2\\\\s0\\\\s5\s0\\s0.5\\s5\s1\\sAND4\\s0\\\\s2\\\\s0\\\\s5\\s0\\\\s2\\\\s0\\\\s5\\s0\\\\s2\\\\s0\\\\s5\s0\\s0.5\\s5\s0\\s0.5\\s5\s0\\s0.5\\s5\s0\\s2\\s0\\s5
. OR6 0 2 6 7 E1 290 0 2 E2 289 1 2 E3 288 2 2 E4 287 3 2 E5 286 4 2 E6 285 5 2 S 284 2 3 OrGateElm\s283\s282\s284\rOrGateElm\s285\s286\s283\rOrGateElm\s289\s290\s291\rOrGateElm\s287\s288\s292\rOrGateElm\s292\s291\s282 0\\s2\\s0\\s5\s0\\s2\\s0\\s5\s0\\s2\\s0\\s5\s0\\s2\\s0\\s5\s0\\s2\\s0\\s5
. SEQ_STR 0 4 4 8 Ecriture_RAM_STR 350 0 3 Etape_3 185 2 2 Etape_4 186 3 2 RAZ_SEQ_STR 348 3 3 SEL0_STR 345 1 3 SEL1_STR 347 2 3 Source_STR 342 1 2 STR_Enable 343 0 2 LogicInputElm\s341\rAndGateElm\s343\s344\s345\rInverterElm\s343\s346\rInverterElm\s346\s347\rInverterElm\s342\s344\rCustomCompositeElm\s185\s349\s341\s343\s350\rInverterElm\s186\s349\rAndGateElm\s343\s186\s348 2\\s1\\sfalse\\s5\\s0\s0\\s2\\s0\\s5\s0\\s0.5\\s5\s0\\s0.5\\s5\s0\\s0.5\\s5\s1\\sAND4\\s0\\\\s2\\\\s0\\\\s5\\s0\\\\s2\\\\s0\\\\s5\\s0\\\\s2\\\\s0\\\\s5\s0\\s0.5\\s5\s0\\s2\\s0\\s5
. OR8 0 2 8 9 E1 294 0 2 E2 293 1 2 E3 292 2 2 E4 291 3 2 E5 290 4 2 E6 289 5 2 E7 286 6 2 E8 285 7 2 S 288 3 3 OrGateElm\s283\s284\s282\rOrGateElm\s285\s286\s283\rOrGateElm\s282\s287\s288\rOrGateElm\s289\s290\s284\rOrGateElm\s293\s294\s295\rOrGateElm\s291\s292\s296\rOrGateElm\s296\s295\s287 0\\s2\\s0\\s5\s0\\s2\\s0\\s5\s0\\s2\\s0\\s5\s0\\s2\\s0\\s5\s0\\s2\\s0\\s5\s0\\s2\\s0\\s5\s0\\s2\\s0\\s5
. SEQ_AND_8step 0 4 9 17 AND_Enable 360 0 2 CLK_R0_AND 381 3 3 CLK_R1_AND 382 4 3 CLK_RA_AND 375 5 3 CLK_RG_AND 372 6 3 Dest_AND 386 1 2 Etape_2 184 2 2 Etape_3 185 3 2 Etape_4 186 4 2 Etape_5 187 5 2 Etape_6 188 6 2 Etape_7 189 7 2 Etape_8 190 8 2 RAZ_SEQ_AND 365 8 3 SEL0_AND 364 1 3 SEL1_AND 362 2 3 SEL_UAL_AND 359 0 3 LogicInputElm\s359\rAndGateElm\s360\s361\s362\rAndGateElm\s360\s363\s364\rAndGateElm\s360\s190\s365\rInverterElm\s190\s366\rLogicInputElm\s367\rLogicInputElm\s368\rInverterElm\s190\s369\rInverterElm\s188\s370\rInverterElm\s186\s371\rCustomCompositeElm\s187\s370\s367\s360\s372\rCustomCompositeElm\s185\s371\s368\s360\s375\rOrGateElm\s188\s378\s363\rAndGateElm\s379\s184\s378\rInverterElm\s186\s379\rInverterElm\s188\s380\rAndGateElm\s380\s184\s361\rCustomCompositeElm\s189\s369\s383\s360\s381\rInverterElm\s386\s383\rCustomCompositeElm\s189\s366\s386\s360\s382 2\\s0\\sfalse\\s5\\s0\s0\\s2\\s0\\s5\s0\\s2\\s0\\s5\s0\\s2\\s0\\s5\s0\\s0.5\\s5\s2\\s1\\sfalse\\s5\\s0\s2\\s1\\sfalse\\s5\\s0\s0\\s0.5\\s5\s0\\s0.5\\s5\s0\\s0.5\\s5\s1\\sAND4\\s0\\\\s2\\\\s0\\\\s5\\s0\\\\s2\\\\s0\\\\s5\\s0\\\\s2\\\\s0\\\\s5\s1\\sAND4\\s0\\\\s2\\\\s0\\\\s5\\s0\\\\s2\\\\s0\\\\s5\\s0\\\\s2\\\\s0\\\\s5\s0\\s2\\s0\\s5\s0\\s2\\s0\\s5\s0\\s0.5\\s5\s0\\s0.5\\s5\s0\\s2\\s0\\s5\s1\\sAND4\\s0\\\\s2\\\\s0\\\\s5\\s0\\\\s2\\\\s0\\\\s5\\s0\\\\s2\\\\s0\\\\s5\s0\\s0.5\\s5\s1\\sAND4\\s0\\\\s2\\\\s0\\\\s5\\s0\\\\s2\\\\s0\\\\s5\\s0\\\\s2\\\\s0\\\\s5
. Jeu 0 12 7 28 ADD_Enable 178 6 0 ADDI_Enable 179 7 0 AND_Enable 177 5 0 B_Enable 180 8 0 CLK_R0 62 5 1 CLK_R1 53 6 1 CLK_RA 44 7 1 CLK_RG 89 8 1 Destination 160 10 0 Ecriture_RAM 116 4 3 Etape_2 184 0 2 Etape_3 185 1 2 Etape_4 186 2 2 Etape_5 187 3 2 Etape_6 188 4 2 Etape_7 189 5 2 Etape_8 190 6 2 LDR_Enable 175 3 0 Lecture_RAM 117 3 3 Load_PC 284 1 3 MOV_Enable 174 2 0 MVI_Enable 173 1 0 RAZ_SEQ 221 6 3 SEL0 79 4 1 SEL1 80 3 1 SEL_UAL 18 9 1 Source 158 11 0 STR_Enable 176 4 0 CustomCompositeElm\s208\s209\s160\s185\s186\s173\s210\s211\s212\rCustomCompositeElm\s178\s225\s226\s223\s222\s160\s184\s185\s186\s187\s188\s189\s190\s229\s227\s228\s224\rOrGateElm\s251\s222\s252\rOrGateElm\s253\s223\s254\rCustomCompositeElm\s179\s257\s258\s253\s251\s160\s185\s186\s187\s188\s189\s190\s259\s260\s261\s262\rOrGateElm\s262\s224\s18\rCustomCompositeElm\s180\s184\s185\s284\s285\rCustomCompositeElm\s288\s289\s160\s184\s185\s186\s174\s290\s291\s292\rCustomCompositeElm\s314\s315\s160\s185\s186\s175\s117\s316\rCustomCompositeElm\s208\s288\s225\s257\s325\s314\s62\rCustomCompositeElm\s209\s289\s226\s258\s330\s315\s53\rCustomCompositeElm\s116\s185\s186\s335\s336\s337\s158\s176\rCustomCompositeElm\s210\s290\s229\s259\s344\s285\s316\s335\s221\rCustomCompositeElm\s211\s291\s227\s260\s351\s336\s79\rCustomCompositeElm\s212\s292\s228\s261\s356\s337\s80\rCustomCompositeElm\s177\s325\s330\s361\s362\s160\s184\s185\s186\s187\s188\s189\s190\s344\s351\s356\s363\rOrGateElm\s361\s254\s44\rOrGateElm\s362\s252\s89 1\\sSEQ_MVI\\s0\\\\s2\\\\s0\\\\s5\\s0\\\\s0.5\\\\s5\\s0\\\\s0.5\\\\s5\\s2\\\\s0\\\\strue\\\\s5\\\\s0\\s2\\\\s0\\\\strue\\\\s5\\\\s0\\s1\\\\sAND4\\\\s0\\\\\\\\s2\\\\\\\\s0\\\\\\\\s5\\\\s0\\\\\\\\s2\\\\\\\\s0\\\\\\\\s5\\\\s0\\\\\\\\s2\\\\\\\\s0\\\\\\\\s5\\s0\\\\s0.5\\\\s5\\s1\\\\sAND4\\\\s0\\\\\\\\s2\\\\\\\\s0\\\\\\\\s5\\\\s0\\\\\\\\s2\\\\\\\\s0\\\\\\\\s5\\\\s0\\\\\\\\s2\\\\\\\\s0\\\\\\\\s5\s1\\sSEQ_ADD\\s0\\\\s2\\\\s0\\\\s5\\s0\\\\s2\\\\s0\\\\s5\\s0\\\\s0.5\\\\s5\\s0\\\\s0.5\\\\s5\\s0\\\\s2\\\\s0\\\\s5\\s0\\\\s0.5\\\\s5\\s2\\\\s1\\\\sfalse\\\\s5\\\\s0\\s2\\\\s1\\\\sfalse\\\\s5\\\\s0\\s0\\\\s0.5\\\\s5\\s0\\\\s0.5\\\\s5\\s0\\\\s0.5\\\\s5\\s1\\\\sAND4\\\\s0\\\\\\\\s2\\\\\\\\s0\\\\\\\\s5\\\\s0\\\\\\\\s2\\\\\\\\s0\\\\\\\\s5\\\\s0\\\\\\\\s2\\\\\\\\s0\\\\\\\\s5\\s1\\\\sAND4\\\\s0\\\\\\\\s2\\\\\\\\s0\\\\\\\\s5\\\\s0\\\\\\\\s2\\\\\\\\s0\\\\\\\\s5\\\\s0\\\\\\\\s2\\\\\\\\s0\\\\\\\\s5\\s0\\\\s2\\\\s0\\\\s5\\s0\\\\s2\\\\s0\\\\s5\\s0\\\\s0.5\\\\s5\\s0\\\\s0.5\\\\s5\\s0\\\\s2\\\\s0\\\\s5\\s1\\\\sAND4\\\\s0\\\\\\\\s2\\\\\\\\s0\\\\\\\\s5\\\\s0\\\\\\\\s2\\\\\\\\s0\\\\\\\\s5\\\\s0\\\\\\\\s2\\\\\\\\s0\\\\\\\\s5\\s0\\\\s0.5\\\\s5\\s1\\\\sAND4\\\\s0\\\\\\\\s2\\\\\\\\s0\\\\\\\\s5\\\\s0\\\\\\\\s2\\\\\\\\s0\\\\\\\\s5\\\\s0\\\\\\\\s2\\\\\\\\s0\\\\\\\\s5\s0\\s2\\s0\\s5\s0\\s2\\s0\\s5\s1\\sSEQ_ADDI\\s0\\\\s2\\\\s0\\\\s5\\s0\\\\s2\\\\s0\\\\s5\\s0\\\\s0.5\\\\s5\\s0\\\\s0.5\\\\s5\\s0\\\\s0.5\\\\s5\\s0\\\\s2\\\\s0\\\\s5\\s0\\\\s0.5\\\\s5\\s2\\\\s1\\\\sfalse\\\\s5\\\\s0\\s2\\\\s1\\\\sfalse\\\\s5\\\\s0\\s0\\\\s0.5\\\\s5\\s0\\\\s0.5\\\\s5\\s0\\\\s0.5\\\\s5\\s1\\\\sAND4\\\\s0\\\\\\\\s2\\\\\\\\s0\\\\\\\\s5\\\\s0\\\\\\\\s2\\\\\\\\s0\\\\\\\\s5\\\\s0\\\\\\\\s2\\\\\\\\s0\\\\\\\\s5\\s1\\\\sAND4\\\\s0\\\\\\\\s2\\\\\\\\s0\\\\\\\\s5\\\\s0\\\\\\\\s2\\\\\\\\s0\\\\\\\\s5\\\\s0\\\\\\\\s2\\\\\\\\s0\\\\\\\\s5\\s0\\\\s2\\\\s0\\\\s5\\s0\\\\s2\\\\s0\\\\s5\\s0\\\\s0.5\\\\s5\\s0\\\\s2\\\\s0\\\\s5\\s1\\\\sAND4\\\\s0\\\\\\\\s2\\\\\\\\s0\\\\\\\\s5\\\\s0\\\\\\\\s2\\\\\\\\s0\\\\\\\\s5\\\\s0\\\\\\\\s2\\\\\\\\s0\\\\\\\\s5\\s0\\\\s0.5\\\\s5\\s1\\\\sAND4\\\\s0\\\\\\\\s2\\\\\\\\s0\\\\\\\\s5\\\\s0\\\\\\\\s2\\\\\\\\s0\\\\\\\\s5\\\\s0\\\\\\\\s2\\\\\\\\s0\\\\\\\\s5\s0\\s2\\s0\\s5\s1\\sSEQ_B\\s0\\\\s2\\\\s0\\\\s5\\s0\\\\s2\\\\s0\\\\s5\\s0\\\\s0.5\\\\s5\\s0\\\\s2\\\\s0\\\\s5\s1\\sSEQ_MOV\\s0\\\\s0.5\\\\s5\\s1\\\\sAND4\\\\s0\\\\\\\\s2\\\\\\\\s0\\\\\\\\s5\\\\s0\\\\\\\\s2\\\\\\\\s0\\\\\\\\s5\\\\s0\\\\\\\\s2\\\\\\\\s0\\\\\\\\s5\\s1\\\\sAND4\\\\s0\\\\\\\\s2\\\\\\\\s0\\\\\\\\s5\\\\s0\\\\\\\\s2\\\\\\\\s0\\\\\\\\s5\\\\s0\\\\\\\\s2\\\\\\\\s0\\\\\\\\s5\\s0\\\\s0.5\\\\s5\\s1\\\\sAND4\\\\s0\\\\\\\\s2\\\\\\\\s0\\\\\\\\s5\\\\s0\\\\\\\\s2\\\\\\\\s0\\\\\\\\s5\\\\s0\\\\\\\\s2\\\\\\\\s0\\\\\\\\s5\\s0\\\\s2\\\\s0\\\\s5\\s0\\\\s0.5\\\\s5\\s0\\\\s0.5\\\\s5\\s0\\\\s2\\\\s0\\\\s5\\s0\\\\s0.5\\\\s5\\s0\\\\s2\\\\s0\\\\s5\s1\\sSEQ_LDR\\s0\\\\s0.5\\\\s5\\s1\\\\sAND4\\\\s0\\\\\\\\s2\\\\\\\\s0\\\\\\\\s5\\\\s0\\\\\\\\s2\\\\\\\\s0\\\\\\\\s5\\\\s0\\\\\\\\s2\\\\\\\\s0\\\\\\\\s5\\s0\\\\s0.5\\\\s5\\s1\\\\sAND4\\\\s0\\\\\\\\s2\\\\\\\\s0\\\\\\\\s5\\\\s0\\\\\\\\s2\\\\\\\\s0\\\\\\\\s5\\\\s0\\\\\\\\s2\\\\\\\\s0\\\\\\\\s5\\s0\\\\s0.5\\\\s5\\s0\\\\s0.5\\\\s5\\s0\\\\s0.5\\\\s5\\s0\\\\s2\\\\s0\\\\s5\s1\\sOR6\\s0\\\\s2\\\\s0\\\\s5\\s0\\\\s2\\\\s0\\\\s5\\s0\\\\s2\\\\s0\\\\s5\\s0\\\\s2\\\\s0\\\\s5\\s0\\\\s2\\\\s0\\\\s5\s1\\sOR6\\s0\\\\s2\\\\s0\\\\s5\\s0\\\\s2\\\\s0\\\\s5\\s0\\\\s2\\\\s0\\\\s5\\s0\\\\s2\\\\s0\\\\s5\\s0\\\\s2\\\\s0\\\\s5\s1\\sSEQ_STR\\s2\\\\s1\\\\sfalse\\\\s5\\\\s0\\s0\\\\s2\\\\s0\\\\s5\\s0\\\\s0.5\\\\s5\\s0\\\\s0.5\\\\s5\\s0\\\\s0.5\\\\s5\\s1\\\\sAND4\\\\s0\\\\\\\\s2\\\\\\\\s0\\\\\\\\s5\\\\s0\\\\\\\\s2\\\\\\\\s0\\\\\\\\s5\\\\s0\\\\\\\\s2\\\\\\\\s0\\\\\\\\s5\\s0\\\\s0.5\\\\s5\\s0\\\\s2\\\\s0\\\\s5\s1\\sOR8\\s0\\\\s2\\\\s0\\\\s5\\s0\\\\s2\\\\s0\\\\s5\\s0\\\\s2\\\\s0\\\\s5\\s0\\\\s2\\\\s0\\\\s5\\s0\\\\s2\\\\s0\\\\s5\\s0\\\\s2\\\\s0\\\\s5\\s0\\\\s2\\\\s0\\\\s5\s1\\sOR6\\s0\\\\s2\\\\s0\\\\s5\\s0\\\\s2\\\\s0\\\\s5\\s0\\\\s2\\\\s0\\\\s5\\s0\\\\s2\\\\s0\\\\s5\\s0\\\\s2\\\\s0\\\\s5\s1\\sOR6\\s0\\\\s2\\\\s0\\\\s5\\s0\\\\s2\\\\s0\\\\s5\\s0\\\\s2\\\\s0\\\\s5\\s0\\\\s2\\\\s0\\\\s5\\s0\\\\s2\\\\s0\\\\s5\s1\\sSEQ_AND_8step\\s2\\\\s0\\\\sfalse\\\\s5\\\\s0\\s0\\\\s2\\\\s0\\\\s5\\s0\\\\s2\\\\s0\\\\s5\\s0\\\\s2\\\\s0\\\\s5\\s0\\\\s0.5\\\\s5\\s2\\\\s1\\\\sfalse\\\\s5\\\\s0\\s2\\\\s1\\\\sfalse\\\\s5\\\\s0\\s0\\\\s0.5\\\\s5\\s0\\\\s0.5\\\\s5\\s0\\\\s0.5\\\\s5\\s1\\\\sAND4\\\\s0\\\\\\\\s2\\\\\\\\s0\\\\\\\\s5\\\\s0\\\\\\\\s2\\\\\\\\s0\\\\\\\\s5\\\\s0\\\\\\\\s2\\\\\\\\s0\\\\\\\\s5\\s1\\\\sAND4\\\\s0\\\\\\\\s2\\\\\\\\s0\\\\\\\\s5\\\\s0\\\\\\\\s2\\\\\\\\s0\\\\\\\\s5\\\\s0\\\\\\\\s2\\\\\\\\s0\\\\\\\\s5\\s0\\\\s2\\\\s0\\\\s5\\s0\\\\s2\\\\s0\\\\s5\\s0\\\\s0.5\\\\s5\\s0\\\\s0.5\\\\s5\\s0\\\\s2\\\\s0\\\\s5\\s1\\\\sAND4\\\\s0\\\\\\\\s2\\\\\\\\s0\\\\\\\\s5\\\\s0\\\\\\\\s2\\\\\\\\s0\\\\\\\\s5\\\\s0\\\\\\\\s2\\\\\\\\s0\\\\\\\\s5\\s0\\\\s0.5\\\\s5\\s1\\\\sAND4\\\\s0\\\\\\\\s2\\\\\\\\s0\\\\\\\\s5\\\\s0\\\\\\\\s2\\\\\\\\s0\\\\\\\\s5\\\\s0\\\\\\\\s2\\\\\\\\s0\\\\\\\\s5\s0\\s2\\s0\\s5\s0\\s2\\s0\\s5
410 -656 -1616 -528 -1552 1 Jeu 1\sSEQ_MVI\s0\\s2\\s0\\s5\s0\\s0.5\\s5\s0\\s0.5\\s5\s2\\s0\\strue\\s5\\s0\s2\\s0\\strue\\s5\\s0\s1\\sAND4\\s0\\\\s2\\\\s0\\\\s5\\s0\\\\s2\\\\s0\\\\s5\\s0\\\\s2\\\\s0\\\\s5\s0\\s0.5\\s5\s1\\sAND4\\s0\\\\s2\\\\s0\\\\s5\\s0\\\\s2\\\\s0\\\\s5\\s0\\\\s2\\\\s0\\\\s5 1\sSEQ_ADD\s0\\s2\\s0\\s5\s0\\s2\\s0\\s5\s0\\s0.5\\s5\s0\\s0.5\\s5\s0\\s2\\s0\\s5\s0\\s0.5\\s5\s2\\s1\\sfalse\\s5\\s0\s2\\s1\\sfalse\\s5\\s0\s0\\s0.5\\s5\s0\\s0.5\\s5\s0\\s0.5\\s5\s1\\sAND4\\s0\\\\s2\\\\s0\\\\s5\\s0\\\\s2\\\\s0\\\\s5\\s0\\\\s2\\\\s0\\\\s5\s1\\sAND4\\s0\\\\s2\\\\s0\\\\s5\\s0\\\\s2\\\\s0\\\\s5\\s0\\\\s2\\\\s0\\\\s5\s0\\s2\\s0\\s5\s0\\s2\\s0\\s5\s0\\s0.5\\s5\s0\\s0.5\\s5\s0\\s2\\s0\\s5\s1\\sAND4\\s0\\\\s2\\\\s0\\\\s5\\s0\\\\s2\\\\s0\\\\s5\\s0\\\\s2\\\\s0\\\\s5\s0\\s0.5\\s5\s1\\sAND4\\s0\\\\s2\\\\s0\\\\s5\\s0\\\\s2\\\\s0\\\\s5\\s0\\\\s2\\\\s0\\\\s5 0\s2\s0\s5 0\s2\s0\s5 1\sSEQ_ADDI\s0\\s2\\s0\\s5\s0\\s2\\s0\\s5\s0\\s0.5\\s5\s0\\s0.5\\s5\s0\\s0.5\\s5\s0\\s2\\s0\\s5\s0\\s0.5\\s5\s2\\s1\\sfalse\\s5\\s0\s2\\s1\\sfalse\\s5\\s0\s0\\s0.5\\s5\s0\\s0.5\\s5\s0\\s0.5\\s5\s1\\sAND4\\s0\\\\s2\\\\s0\\\\s5\\s0\\\\s2\\\\s0\\\\s5\\s0\\\\s2\\\\s0\\\\s5\s1\\sAND4\\s0\\\\s2\\\\s0\\\\s5\\s0\\\\s2\\\\s0\\\\s5\\s0\\\\s2\\\\s0\\\\s5\s0\\s2\\s0\\s5\s0\\s2\\s0\\s5\s0\\s0.5\\s5\s0\\s2\\s0\\s5\s1\\sAND4\\s0\\\\s2\\\\s0\\\\s5\\s0\\\\s2\\\\s0\\\\s5\\s0\\\\s2\\\\s0\\\\s5\s0\\s0.5\\s5\s1\\sAND4\\s0\\\\s2\\\\s0\\\\s5\\s0\\\\s2\\\\s0\\\\s5\\s0\\\\s2\\\\s0\\\\s5 0\s2\s0\s5 1\sSEQ_B\s0\\s2\\s0\\s5\s0\\s2\\s0\\s5\s0\\s0.5\\s5\s0\\s2\\s0\\s5 1\sSEQ_MOV\s0\\s0.5\\s5\s1\\sAND4\\s0\\\\s2\\\\s0\\\\s5\\s0\\\\s2\\\\s0\\\\s5\\s0\\\\s2\\\\s0\\\\s5\s1\\sAND4\\s0\\\\s2\\\\s0\\\\s5\\s0\\\\s2\\\\s0\\\\s5\\s0\\\\s2\\\\s0\\\\s5\s0\\s0.5\\s5\s1\\sAND4\\s0\\\\s2\\\\s0\\\\s5\\s0\\\\s2\\\\s0\\\\s5\\s0\\\\s2\\\\s0\\\\s5\s0\\s2\\s0\\s5\s0\\s0.5\\s5\s0\\s0.5\\s5\s0\\s2\\s0\\s5\s0\\s0.5\\s5\s0\\s2\\s0\\s5 1\sSEQ_LDR\s0\\s0.5\\s5\s1\\sAND4\\s0\\\\s2\\\\s0\\\\s5\\s0\\\\s2\\\\s0\\\\s5\\s0\\\\s2\\\\s0\\\\s5\s0\\s0.5\\s5\s1\\sAND4\\s0\\\\s2\\\\s0\\\\s5\\s0\\\\s2\\\\s0\\\\s5\\s0\\\\s2\\\\s0\\\\s5\s0\\s0.5\\s5\s0\\s0.5\\s5\s0\\s0.5\\s5\s0\\s2\\s0\\s5 1\sOR6\s0\\s2\\s0\\s5\s0\\s2\\s0\\s5\s0\\s2\\s0\\s5\s0\\s2\\s0\\s5\s0\\s2\\s0\\s5 1\sOR6\s0\\s2\\s0\\s5\s0\\s2\\s0\\s5\s0\\s2\\s0\\s5\s0\\s2\\s0\\s5\s0\\s2\\s0\\s5 1\sSEQ_STR\s2\\s1\\sfalse\\s5\\s0\s0\\s2\\s0\\s5\s0\\s0.5\\s5\s0\\s0.5\\s5\s0\\s0.5\\s5\s1\\sAND4\\s0\\\\s2\\\\s0\\\\s5\\s0\\\\s2\\\\s0\\\\s5\\s0\\\\s2\\\\s0\\\\s5\s0\\s0.5\\s5\s0\\s2\\s0\\s5 1\sOR8\s0\\s2\\s0\\s5\s0\\s2\\s0\\s5\s0\\s2\\s0\\s5\s0\\s2\\s0\\s5\s0\\s2\\s0\\s5\s0\\s2\\s0\\s5\s0\\s2\\s0\\s5 1\sOR6\s0\\s2\\s0\\s5\s0\\s2\\s0\\s5\s0\\s2\\s0\\s5\s0\\s2\\s0\\s5\s0\\s2\\s0\\s5 1\sOR6\s0\\s2\\s0\\s5\s0\\s2\\s0\\s5\s0\\s2\\s0\\s5\s0\\s2\\s0\\s5\s0\\s2\\s0\\s5 1\sSEQ_AND_8step\s2\\s0\\sfalse\\s5\\s0\s0\\s2\\s0\\s5\s0\\s2\\s0\\s5\s0\\s2\\s0\\s5\s0\\s0.5\\s5\s2\\s1\\sfalse\\s5\\s0\s2\\s1\\sfalse\\s5\\s0\s0\\s0.5\\s5\s0\\s0.5\\s5\s0\\s0.5\\s5\s1\\sAND4\\s0\\\\s2\\\\s0\\\\s5\\s0\\\\s2\\\\s0\\\\s5\\s0\\\\s2\\\\s0\\\\s5\s1\\sAND4\\s0\\\\s2\\\\s0\\\\s5\\s0\\\\s2\\\\s0\\\\s5\\s0\\\\s2\\\\s0\\\\s5\s0\\s2\\s0\\s5\s0\\s2\\s0\\s5\s0\\s0.5\\s5\s0\\s0.5\\s5\s0\\s2\\s0\\s5\s1\\sAND4\\s0\\\\s2\\\\s0\\\\s5\\s0\\\\s2\\\\s0\\\\s5\\s0\\\\s2\\\\s0\\\\s5\s0\\s0.5\\s5\s1\\sAND4\\s0\\\\s2\\\\s0\\\\s5\\s0\\\\s2\\\\s0\\\\s5\\s0\\\\s2\\\\s0\\\\s5 0\s2\s0\s5 0\s2\s0\s5
w -592 -1760 -592 -1648 0
w -560 -1760 -560 -1648 0
w -528 -1760 -528 -1648 0
w -496 -1760 -496 -1648 0
w -464 -1760 -464 -1648 0
w -432 -1760 -432 -1648 0
w -400 -1760 -400 -1648 0
w -368 -1760 -368 -1648 0
w -432 -1936 -432 -1856 0
w -432 -1856 -304 -1856 0
w -304 -1856 -304 -1648 0
w -368 -1936 -368 -1872 0
w -368 -1872 -272 -1872 0
w -272 -1872 -272 -1648 0
w -736 -1616 -656 -1616 0
w -736 -1584 -656 -1584 0
w -736 -1552 -656 -1552 0
w -736 -1520 -656 -1520 0
w -736 -1488 -656 -1488 0
w -736 -1456 -656 -1456 0
w -736 -1424 -656 -1424 0
207 -240 -1488 -192 -1488 4 Ecriture
207 -240 -1520 -192 -1520 4 Lecture
207 -240 -1584 -192 -1584 4 Load_PC
x -475 -1537 -427 -1534 4 30 Jeu
x -520 -1503 -367 -1500 4 30 Instructions
x -875 -1305 -714 -1302 4 30 Séquenceur
R -1232 -1344 -1280 -1344 0 0 40 5 0 0 0.5
s -1152 -1344 -1232 -1344 0 1 false
w -992 -1344 -1152 -1344 0
x -721 -1066 -177 -1063 4 70 Unité\sde\sControle
w 592 -1088 -160 -1088 0
w -1056 -1088 -1056 -2400 0
w 592 -2400 -1056 -2400 0
160 -1776 -384 -1776 -448 0 20 10000000000 2.5
160 -1712 -384 -1712 -448 0 20 10000000000 2.5
160 -1648 -384 -1648 -448 0 20 10000000000 2.5
160 -1584 -384 -1584 -448 0 20 10000000000 2.5
160 -1520 -384 -1520 -448 0 20 10000000000 2.5
160 -1456 -384 -1456 -448 0 20 10000000000 2.5
160 -1392 -384 -1392 -448 0 20 10000000000 2.5
160 -1328 -384 -1328 -448 0 20 10000000000 2.5
w -1792 -416 -1808 -416 0
w -1808 -416 -1808 -384 0
w -1744 -416 -1744 -384 0
w -1744 -384 -1808 -384 0
w -1744 -416 -1728 -416 0
w -1744 -384 -1680 -384 0
w -1664 -416 -1680 -416 0
w -1680 -416 -1680 -384 0
w -1600 -416 -1616 -416 0
w -1616 -416 -1616 -384 0
w -1680 -384 -1616 -384 0
w -1536 -416 -1552 -416 0
w -1552 -416 -1552 -384 0
w -1552 -384 -1616 -384 0
w -1472 -416 -1488 -416 0
w -1488 -416 -1488 -384 0
w -1488 -384 -1552 -384 0
w -1408 -416 -1424 -416 0
w -1424 -416 -1424 -384 0
w -1424 -384 -1488 -384 0
w -1344 -416 -1360 -416 0
w -1360 -416 -1360 -384 0
w -1360 -384 -1424 -384 0
s -2560 -848 -2640 -848 0 1 false
R -2640 -848 -2688 -848 0 0 40 5 0 0 0.5
x -2765 -841 -2713 -838 4 24 BP\s7
R -2640 -816 -2688 -816 0 0 40 5 0 0 0.5
s -2560 -816 -2640 -816 0 1 false
s -2560 -784 -2640 -784 0 1 false
R -2640 -784 -2688 -784 0 0 40 5 0 0 0.5
s -2560 -752 -2640 -752 0 1 false
R -2640 -752 -2688 -752 0 0 40 5 0 0 0.5
s -2560 -720 -2640 -720 0 1 false
R -2640 -720 -2688 -720 0 0 40 5 0 0 0.5
s -2560 -688 -2640 -688 0 1 false
R -2640 -688 -2688 -688 0 0 40 5 0 0 0.5
s -2560 -656 -2640 -656 0 1 false
R -2640 -656 -2688 -656 0 0 40 5 0 0 0.5
s -2560 -624 -2640 -624 0 1 false
R -2640 -624 -2688 -624 0 0 40 5 0 0 0.5
x -2765 -619 -2713 -616 4 24 BP\s0
207 -400 -1936 -400 -1888 4 PRFin
207 -1808 -384 -1968 -384 4 PRFin
w 2432 -624 2480 -624 0
w 2432 -656 2480 -656 0
w 2432 -688 2480 -688 0
w 2432 -720 2480 -720 0
w 2432 -752 2480 -752 0
w 2480 -864 2480 -752 0
w 2464 -896 2480 -896 0
w 2464 -784 2464 -896 0
w 2432 -784 2464 -784 0
w 2448 -928 2480 -928 0
w 2448 -816 2448 -928 0
w 2432 -816 2448 -816 0
w 2432 -960 2480 -960 0
w 2432 -848 2432 -960 0
168 2336 -848 2432 -848 2 8 0 0 0 0 0 0 0 0
w 2960 -832 2960 -592 0
w 2864 -928 2864 -688 0
w 2848 -960 2848 -720 0
w 2896 -960 2848 -960 0
w 2896 -928 2864 -928 0
w 2880 -896 2880 -656 0
w 2896 -896 2880 -896 0
w 2896 -864 2896 -624 0
197 2480 -720 2528 -720 0
157 2896 -960 2912 -960 0 7 0 0
w 2608 -720 2848 -720 0
w 2608 -688 2864 -688 0
w 2608 -656 2880 -656 0
w 2608 -624 2896 -624 0
w 2608 -592 2960 -592 0
w 2608 -560 2992 -560 0
w 2992 -560 2992 -832 0
w 2608 -528 3024 -528 0
w 3024 -528 3024 -832 0
w 2816 -768 2816 -832 0
w 2608 -768 2816 -768 0
w 2784 -800 2784 -832 0
w 2608 -800 2784 -800 0
w 2608 -832 2752 -832 0
w 2608 -864 2688 -864 0
w 2608 -896 2688 -896 0
w 2608 -928 2688 -928 0
w 2608 -960 2688 -960 0
157 2688 -960 2704 -960 0 7 0 0
197 2480 -960 2528 -960 0
w 1824 -848 2336 -848 0
w 1808 -816 2336 -816 0
w 1792 -784 2336 -784 0
w 1776 -752 2336 -752 0
w 1760 -720 2336 -720 0
w 1744 -688 2336 -688 0
w 1728 -656 2336 -656 0
w 1712 -624 2336 -624 0
x 2372 -1106 2712 -1103 4 60 Périphérique
x 2462 -1036 2618 -1033 4 60 Sortie
w 2256 -1120 2256 -464 0
207 2320 -528 2320 -496 4 PRFout
w 2256 -464 3104 -464 0
w 3104 -464 3104 -1120 0
w 2256 -1120 2352 -1120 0
w 2736 -1120 3104 -1120 0
207 -464 -1936 -464 -1888 4 PRFout
151 1376 -896 1440 -896 0 2 5 5
w 1440 -896 1456 -896 0
w 1456 -896 1456 -880 0
w 1552 -816 1808 -816 0
w 1552 -784 1792 -784 0
w 1552 -752 1776 -752 0
w 1760 -720 1552 -720 0
w 1552 -688 1744 -688 0
w 1728 -656 1552 -656 0
w 1552 -624 1712 -624 0
w 848 -848 1456 -848 0
w 864 -816 1456 -816 0
w 880 -784 1456 -784 0
w 896 -752 1456 -752 0
w 912 -720 1456 -720 0
w 928 -688 1456 -688 0
w 944 -656 1456 -656 0
w 960 -624 1456 -624 0
207 1328 -880 1296 -880 4 PRFout
R -1232 -1536 -1360 -1536 0 2 1000 2.5 2.5 0 0.5
w -1280 -1568 -1232 -1568 0
r -2544 -592 -2544 -560 0 9000
r -2512 -592 -2512 -560 0 9000
r -2480 -592 -2480 -560 0 9000
r -2448 -592 -2448 -560 0 9000
r -2416 -592 -2416 -560 0 9000
r -2384 -592 -2384 -560 0 9000
r -2352 -592 -2352 -560 0 9000
r -2320 -592 -2320 -560 0 9000
g -2544 -560 -2544 -544 0 0
g -2512 -560 -2512 -544 0 0
g -2480 -560 -2480 -544 0 0
g -2448 -560 -2448 -544 0 0
g -2416 -560 -2416 -544 0 0
g -2384 -560 -2384 -544 0 0
g -2352 -560 -2352 -544 0 0
g -2320 -560 -2320 -544 0 0
w -2544 -592 -2544 -848 0
w -2560 -848 -2544 -848 0
w -2544 -848 -1792 -848 0
w -2560 -816 -2512 -816 0
w -2512 -592 -2512 -816 0
w -2512 -816 -1728 -816 0
w -2560 -784 -2480 -784 0
w -2480 -784 -2480 -592 0
w -2480 -784 -1664 -784 0
w -2560 -752 -2448 -752 0
w -2448 -752 -2448 -592 0
w -2448 -752 -1600 -752 0
w -2560 -720 -2416 -720 0
w -2416 -720 -2416 -592 0
w -2416 -720 -1536 -720 0
w -2560 -688 -2384 -688 0
w -2384 -688 -2384 -592 0
w -2384 -688 -1472 -688 0
w -2560 -656 -2352 -656 0
w -2352 -656 -2352 -592 0
w -2352 -656 -1408 -656 0
w -2560 -624 -2320 -624 0
w -2320 -592 -2320 -624 0
w -2320 -624 -1344 -624 0
w -2288 -512 -2288 -944 0
x 2428 1244 2646 1247 4 24 (c)\sH.\sDiscours\s2022
150 2304 -528 2304 -576 0 2 0 5
w 2304 -576 2304 -592 0
w 2304 -592 2336 -592 0
207 2288 -496 2160 -496 4 Ecriture
w 2288 -528 2288 -496 0
x 2719 -1013 3026 -1010 4 30 Valeur\sHEXADECIMAL
